 sol 0. 0. 0. 0.03 0. 200 1 0.78 0.2
mercurio 350 0.4 66.0 0.03 0.0 40 0.431 0.267 0.267
venus 500 0.16 202.0 0.015 0.0 60 0.859 0.584 0.294
tierra 800 0.1 354.0 0.01 0.0 80 0.482 0.922 0.302
# luna 150 0.015 358.0 0.1 0.0 25 0.729 0.812 0.804
# iss  100 0.025 238.9 0.1 0.0 10 0.639 0.631 0.333
marte 1200 0.07 152.0 0.008 0.0 75 0.839 0.153 0.141
jupiter 1700 0.015 13.0 0.02 0.0 135 0.851 0.588 0.247
saturno 2150 0.011 241.0 0.012 0.0 120 0.969 0.420 0.165
urano 2620 0.008 328.0 0.011 0.0 100 0.345 0.961 0.859
neptuno 3040 0.0065 95.0 0.009 0.0 100 0.200 0.325 0.949
pluto 3400 0.004 137.0 0.008 0.0 30 0.408 0.318 0.459
